     i,          n,    7,    5,    3,    2
------, ----------, ----, ----, ----, ----
     0,          1,    0,    0,    0,    0
     1,          2,    0,    0,    0,    1
     2,          3,    0,    0,    1,    0
     3,          4,    0,    0,    0,    2
     4,          5,    0,    1,    0,    0
     5,          6,    0,    0,    1,    1
     6,          7,    1,    0,    0,    0
     7,          8,    0,    0,    0,    3
     8,          9,    0,    0,    2,    0
     9,         10,    0,    1,    0,    1
    10,         12,    0,    0,    1,    2
    11,         14,    1,    0,    0,    1
    12,         15,    0,    1,    1,    0
    13,         16,    0,    0,    0,    4
    14,         18,    0,    0,    2,    1
    15,         20,    0,    1,    0,    2
    16,         21,    1,    0,    1,    0
    17,         24,    0,    0,    1,    3
    18,         25,    0,    2,    0,    0
    19,         27,    0,    0,    3,    0
    20,         28,    1,    0,    0,    2
    21,         30,    0,    1,    1,    1
    22,         32,    0,    0,    0,    5
    23,         35,    1,    1,    0,    0
    24,         36,    0,    0,    2,    2
    25,         40,    0,    1,    0,    3
    26,         42,    1,    0,    1,    1
    27,         45,    0,    1,    2,    0
    28,         48,    0,    0,    1,    4
    29,         49,    2,    0,    0,    0
    30,         50,    0,    2,    0,    1
    31,         54,    0,    0,    3,    1
    32,         56,    1,    0,    0,    3
    33,         60,    0,    1,    1,    2
    34,         63,    1,    0,    2,    0
    35,         64,    0,    0,    0,    6
    36,         70,    1,    1,    0,    1
    37,         72,    0,    0,    2,    3
    38,         75,    0,    2,    1,    0
    39,         80,    0,    1,    0,    4
    40,         81,    0,    0,    4,    0
    41,         84,    1,    0,    1,    2
    42,         90,    0,    1,    2,    1
    43,         96,    0,    0,    1,    5
    44,         98,    2,    0,    0,    1
    45,        100,    0,    2,    0,    2
    46,        105,    1,    1,    1,    0
    47,        108,    0,    0,    3,    2
    48,        112,    1,    0,    0,    4
    49,        120,    0,    1,    1,    3
    50,        125,    0,    3,    0,    0
    51,        126,    1,    0,    2,    1
    52,        128,    0,    0,    0,    7
    53,        135,    0,    1,    3,    0
    54,        140,    1,    1,    0,    2
    55,        144,    0,    0,    2,    4
    56,        147,    2,    0,    1,    0
    57,        150,    0,    2,    1,    1
    58,        160,    0,    1,    0,    5
    59,        162,    0,    0,    4,    1
    60,        168,    1,    0,    1,    3
    61,        175,    1,    2,    0,    0
    62,        180,    0,    1,    2,    2
    63,        189,    1,    0,    3,    0
    64,        192,    0,    0,    1,    6
    65,        196,    2,    0,    0,    2
    66,        200,    0,    2,    0,    3
    67,        210,    1,    1,    1,    1
    68,        216,    0,    0,    3,    3
    69,        224,    1,    0,    0,    5
    70,        225,    0,    2,    2,    0
    71,        240,    0,    1,    1,    4
    72,        243,    0,    0,    5,    0
    73,        245,    2,    1,    0,    0
    74,        250,    0,    3,    0,    1
    75,        252,    1,    0,    2,    2
    76,        256,    0,    0,    0,    8
    77,        270,    0,    1,    3,    1
    78,        280,    1,    1,    0,    3
    79,        288,    0,    0,    2,    5
    80,        294,    2,    0,    1,    1
    81,        300,    0,    2,    1,    2
    82,        315,    1,    1,    2,    0
    83,        320,    0,    1,    0,    6
    84,        324,    0,    0,    4,    2
    85,        336,    1,    0,    1,    4
    86,        343,    3,    0,    0,    0
    87,        350,    1,    2,    0,    1
    88,        360,    0,    1,    2,    3
    89,        375,    0,    3,    1,    0
    90,        378,    1,    0,    3,    1
    91,        384,    0,    0,    1,    7
    92,        392,    2,    0,    0,    3
    93,        400,    0,    2,    0,    4
    94,        405,    0,    1,    4,    0
    95,        420,    1,    1,    1,    2
    96,        432,    0,    0,    3,    4
    97,        441,    2,    0,    2,    0
    98,        448,    1,    0,    0,    6
    99,        450,    0,    2,    2,    1
   100,        480,    0,    1,    1,    5
   101,        486,    0,    0,    5,    1
   102,        490,    2,    1,    0,    1
   103,        500,    0,    3,    0,    2
   104,        504,    1,    0,    2,    3
   105,        512,    0,    0,    0,    9
   106,        525,    1,    2,    1,    0
   107,        540,    0,    1,    3,    2
   108,        560,    1,    1,    0,    4
   109,        567,    1,    0,    4,    0
   110,        576,    0,    0,    2,    6
   111,        588,    2,    0,    1,    2
   112,        600,    0,    2,    1,    3
   113,        625,    0,    4,    0,    0
   114,        630,    1,    1,    2,    1
   115,        640,    0,    1,    0,    7
   116,        648,    0,    0,    4,    3
   117,        672,    1,    0,    1,    5
   118,        675,    0,    2,    3,    0
   119,        686,    3,    0,    0,    1
   120,        700,    1,    2,    0,    2
   121,        720,    0,    1,    2,    4
   122,        729,    0,    0,    6,    0
   123,        735,    2,    1,    1,    0
   124,        750,    0,    3,    1,    1
   125,        756,    1,    0,    3,    2
   126,        768,    0,    0,    1,    8
   127,        784,    2,    0,    0,    4
   128,        800,    0,    2,    0,    5
   129,        810,    0,    1,    4,    1
   130,        840,    1,    1,    1,    3
   131,        864,    0,    0,    3,    5
   132,        875,    1,    3,    0,    0
   133,        882,    2,    0,    2,    1
   134,        896,    1,    0,    0,    7
   135,        900,    0,    2,    2,    2
   136,        945,    1,    1,    3,    0
   137,        960,    0,    1,    1,    6
   138,        972,    0,    0,    5,    2
   139,        980,    2,    1,    0,    2
   140,       1000,    0,    3,    0,    3
   141,       1008,    1,    0,    2,    4
   142,       1024,    0,    0,    0,   10
   143,       1029,    3,    0,    1,    0
   144,       1050,    1,    2,    1,    1
   145,       1080,    0,    1,    3,    3
   146,       1120,    1,    1,    0,    5
   147,       1125,    0,    3,    2,    0
   148,       1134,    1,    0,    4,    1
   149,       1152,    0,    0,    2,    7
   150,       1176,    2,    0,    1,    3
   151,       1200,    0,    2,    1,    4
   152,       1215,    0,    1,    5,    0
   153,       1225,    2,    2,    0,    0
   154,       1250,    0,    4,    0,    1
   155,       1260,    1,    1,    2,    2
   156,       1280,    0,    1,    0,    8
   157,       1296,    0,    0,    4,    4
   158,       1323,    2,    0,    3,    0
   159,       1344,    1,    0,    1,    6
   160,       1350,    0,    2,    3,    1
   161,       1372,    3,    0,    0,    2
   162,       1400,    1,    2,    0,    3
   163,       1440,    0,    1,    2,    5
   164,       1458,    0,    0,    6,    1
   165,       1470,    2,    1,    1,    1
   166,       1500,    0,    3,    1,    2
   167,       1512,    1,    0,    3,    3
   168,       1536,    0,    0,    1,    9
   169,       1568,    2,    0,    0,    5
   170,       1575,    1,    2,    2,    0
   171,       1600,    0,    2,    0,    6
   172,       1620,    0,    1,    4,    2
   173,       1680,    1,    1,    1,    4
   174,       1701,    1,    0,    5,    0
   175,       1715,    3,    1,    0,    0
   176,       1728,    0,    0,    3,    6
   177,       1750,    1,    3,    0,    1
   178,       1764,    2,    0,    2,    2
   179,       1792,    1,    0,    0,    8
   180,       1800,    0,    2,    2,    3
   181,       1875,    0,    4,    1,    0
   182,       1890,    1,    1,    3,    1
   183,       1920,    0,    1,    1,    7
   184,       1944,    0,    0,    5,    3
   185,       1960,    2,    1,    0,    3
   186,       2000,    0,    3,    0,    4
   187,       2016,    1,    0,    2,    5
   188,       2025,    0,    2,    4,    0
   189,       2048,    0,    0,    0,   11
   190,       2058,    3,    0,    1,    1
   191,       2100,    1,    2,    1,    2
   192,       2160,    0,    1,    3,    4
   193,       2187,    0,    0,    7,    0
   194,       2205,    2,    1,    2,    0
   195,       2240,    1,    1,    0,    6
   196,       2250,    0,    3,    2,    1
   197,       2268,    1,    0,    4,    2
   198,       2304,    0,    0,    2,    8
   199,       2352,    2,    0,    1,    4
   200,       2400,    0,    2,    1,    5
   201,       2401,    4,    0,    0,    0
   202,       2430,    0,    1,    5,    1
   203,       2450,    2,    2,    0,    1
   204,       2500,    0,    4,    0,    2
   205,       2520,    1,    1,    2,    3
   206,       2560,    0,    1,    0,    9
   207,       2592,    0,    0,    4,    5
   208,       2625,    1,    3,    1,    0
   209,       2646,    2,    0,    3,    1
   210,       2688,    1,    0,    1,    7
   211,       2700,    0,    2,    3,    2
   212,       2744,    3,    0,    0,    3
   213,       2800,    1,    2,    0,    4
   214,       2835,    1,    1,    4,    0
   215,       2880,    0,    1,    2,    6
   216,       2916,    0,    0,    6,    2
   217,       2940,    2,    1,    1,    2
   218,       3000,    0,    3,    1,    3
   219,       3024,    1,    0,    3,    4
   220,       3072,    0,    0,    1,   10
   221,       3087,    3,    0,    2,    0
   222,       3125,    0,    5,    0,    0
   223,       3136,    2,    0,    0,    6
   224,       3150,    1,    2,    2,    1
   225,       3200,    0,    2,    0,    7
   226,       3240,    0,    1,    4,    3
   227,       3360,    1,    1,    1,    5
   228,       3375,    0,    3,    3,    0
   229,       3402,    1,    0,    5,    1
   230,       3430,    3,    1,    0,    1
   231,       3456,    0,    0,    3,    7
   232,       3500,    1,    3,    0,    2
   233,       3528,    2,    0,    2,    3
   234,       3584,    1,    0,    0,    9
   235,       3600,    0,    2,    2,    4
   236,       3645,    0,    1,    6,    0
   237,       3675,    2,    2,    1,    0
   238,       3750,    0,    4,    1,    1
   239,       3780,    1,    1,    3,    2
   240,       3840,    0,    1,    1,    8
   241,       3888,    0,    0,    5,    4
   242,       3920,    2,    1,    0,    4
   243,       3969,    2,    0,    4,    0
   244,       4000,    0,    3,    0,    5
   245,       4032,    1,    0,    2,    6
   246,       4050,    0,    2,    4,    1
   247,       4096,    0,    0,    0,   12
   248,       4116,    3,    0,    1,    2
   249,       4200,    1,    2,    1,    3
   250,       4320,    0,    1,    3,    5
   251,       4374,    0,    0,    7,    1
   252,       4375,    1,    4,    0,    0
   253,       4410,    2,    1,    2,    1
   254,       4480,    1,    1,    0,    7
   255,       4500,    0,    3,    2,    2
   256,       4536,    1,    0,    4,    3
   257,       4608,    0,    0,    2,    9
   258,       4704,    2,    0,    1,    5
   259,       4725,    1,    2,    3,    0
   260,       4800,    0,    2,    1,    6
   261,       4802,    4,    0,    0,    1
   262,       4860,    0,    1,    5,    2
   263,       4900,    2,    2,    0,    2
   264,       5000,    0,    4,    0,    3
   265,       5040,    1,    1,    2,    4
   266,       5103,    1,    0,    6,    0
   267,       5120,    0,    1,    0,   10
   268,       5145,    3,    1,    1,    0
   269,       5184,    0,    0,    4,    6
   270,       5250,    1,    3,    1,    1
   271,       5292,    2,    0,    3,    2
   272,       5376,    1,    0,    1,    8
   273,       5400,    0,    2,    3,    3
   274,       5488,    3,    0,    0,    4
   275,       5600,    1,    2,    0,    5
   276,       5625,    0,    4,    2,    0
   277,       5670,    1,    1,    4,    1
   278,       5760,    0,    1,    2,    7
   279,       5832,    0,    0,    6,    3
   280,       5880,    2,    1,    1,    3
   281,       6000,    0,    3,    1,    4
   282,       6048,    1,    0,    3,    5
   283,       6075,    0,    2,    5,    0
   284,       6125,    2,    3,    0,    0
   285,       6144,    0,    0,    1,   11
   286,       6174,    3,    0,    2,    1
   287,       6250,    0,    5,    0,    1
   288,       6272,    2,    0,    0,    7
   289,       6300,    1,    2,    2,    2
   290,       6400,    0,    2,    0,    8
   291,       6480,    0,    1,    4,    4
   292,       6561,    0,    0,    8,    0
   293,       6615,    2,    1,    3,    0
   294,       6720,    1,    1,    1,    6
   295,       6750,    0,    3,    3,    1
   296,       6804,    1,    0,    5,    2
   297,       6860,    3,    1,    0,    2
   298,       6912,    0,    0,    3,    8
   299,       7000,    1,    3,    0,    3
   300,       7056,    2,    0,    2,    4
   301,       7168,    1,    0,    0,   10
   302,       7200,    0,    2,    2,    5
   303,       7203,    4,    0,    1,    0
   304,       7290,    0,    1,    6,    1
   305,       7350,    2,    2,    1,    1
   306,       7500,    0,    4,    1,    2
   307,       7560,    1,    1,    3,    3
   308,       7680,    0,    1,    1,    9
   309,       7776,    0,    0,    5,    5
   310,       7840,    2,    1,    0,    5
   311,       7875,    1,    3,    2,    0
   312,       7938,    2,    0,    4,    1
   313,       8000,    0,    3,    0,    6
   314,       8064,    1,    0,    2,    7
   315,       8100,    0,    2,    4,    2
   316,       8192,    0,    0,    0,   13
   317,       8232,    3,    0,    1,    3
   318,       8400,    1,    2,    1,    4
   319,       8505,    1,    1,    5,    0
   320,       8575,    3,    2,    0,    0
   321,       8640,    0,    1,    3,    6
   322,       8748,    0,    0,    7,    2
   323,       8750,    1,    4,    0,    1
   324,       8820,    2,    1,    2,    2
   325,       8960,    1,    1,    0,    8
   326,       9000,    0,    3,    2,    3
   327,       9072,    1,    0,    4,    4
   328,       9216,    0,    0,    2,   10
   329,       9261,    3,    0,    3,    0
   330,       9375,    0,    5,    1,    0
   331,       9408,    2,    0,    1,    6
   332,       9450,    1,    2,    3,    1
   333,       9600,    0,    2,    1,    7
   334,       9604,    4,    0,    0,    2
   335,       9720,    0,    1,    5,    3
   336,       9800,    2,    2,    0,    3
   337,      10000,    0,    4,    0,    4
   338,      10080,    1,    1,    2,    5
   339,      10125,    0,    3,    4,    0
   340,      10206,    1,    0,    6,    1
   341,      10240,    0,    1,    0,   11
   342,      10290,    3,    1,    1,    1
   343,      10368,    0,    0,    4,    7
   344,      10500,    1,    3,    1,    2
   345,      10584,    2,    0,    3,    3
   346,      10752,    1,    0,    1,    9
   347,      10800,    0,    2,    3,    4
   348,      10935,    0,    1,    7,    0
   349,      10976,    3,    0,    0,    5
   350,      11025,    2,    2,    2,    0
   351,      11200,    1,    2,    0,    6
   352,      11250,    0,    4,    2,    1
   353,      11340,    1,    1,    4,    2
   354,      11520,    0,    1,    2,    8
   355,      11664,    0,    0,    6,    4
   356,      11760,    2,    1,    1,    4
   357,      11907,    2,    0,    5,    0
   358,      12000,    0,    3,    1,    5
   359,      12005,    4,    1,    0,    0
   360,      12096,    1,    0,    3,    6
   361,      12150,    0,    2,    5,    1
   362,      12250,    2,    3,    0,    1
   363,      12288,    0,    0,    1,   12
   364,      12348,    3,    0,    2,    2
   365,      12500,    0,    5,    0,    2
   366,      12544,    2,    0,    0,    8
   367,      12600,    1,    2,    2,    3
   368,      12800,    0,    2,    0,    9
   369,      12960,    0,    1,    4,    5
   370,      13122,    0,    0,    8,    1
   371,      13125,    1,    4,    1,    0
   372,      13230,    2,    1,    3,    1
   373,      13440,    1,    1,    1,    7
   374,      13500,    0,    3,    3,    2
   375,      13608,    1,    0,    5,    3
   376,      13720,    3,    1,    0,    3
   377,      13824,    0,    0,    3,    9
   378,      14000,    1,    3,    0,    4
   379,      14112,    2,    0,    2,    5
   380,      14175,    1,    2,    4,    0
   381,      14336,    1,    0,    0,   11
   382,      14400,    0,    2,    2,    6
   383,      14406,    4,    0,    1,    1
   384,      14580,    0,    1,    6,    2
   385,      14700,    2,    2,    1,    2
   386,      15000,    0,    4,    1,    3
   387,      15120,    1,    1,    3,    4
   388,      15309,    1,    0,    7,    0
   389,      15360,    0,    1,    1,   10
   390,      15435,    3,    1,    2,    0
   391,      15552,    0,    0,    5,    6
   392,      15625,    0,    6,    0,    0
   393,      15680,    2,    1,    0,    6
   394,      15750,    1,    3,    2,    1
   395,      15876,    2,    0,    4,    2
   396,      16000,    0,    3,    0,    7
   397,      16128,    1,    0,    2,    8
   398,      16200,    0,    2,    4,    3
   399,      16384,    0,    0,    0,   14
   400,      16464,    3,    0,    1,    4
   401,      16800,    1,    2,    1,    5
   402,      16807,    5,    0,    0,    0
   403,      16875,    0,    4,    3,    0
   404,      17010,    1,    1,    5,    1
   405,      17150,    3,    2,    0,    1
   406,      17280,    0,    1,    3,    7
   407,      17496,    0,    0,    7,    3
   408,      17500,    1,    4,    0,    2
   409,      17640,    2,    1,    2,    3
   410,      17920,    1,    1,    0,    9
   411,      18000,    0,    3,    2,    4
   412,      18144,    1,    0,    4,    5
   413,      18225,    0,    2,    6,    0
   414,      18375,    2,    3,    1,    0
   415,      18432,    0,    0,    2,   11
   416,      18522,    3,    0,    3,    1
   417,      18750,    0,    5,    1,    1
   418,      18816,    2,    0,    1,    7
   419,      18900,    1,    2,    3,    2
   420,      19200,    0,    2,    1,    8
   421,      19208,    4,    0,    0,    3
   422,      19440,    0,    1,    5,    4
   423,      19600,    2,    2,    0,    4
   424,      19683,    0,    0,    9,    0
   425,      19845,    2,    1,    4,    0
   426,      20000,    0,    4,    0,    5
   427,      20160,    1,    1,    2,    6
   428,      20250,    0,    3,    4,    1
   429,      20412,    1,    0,    6,    2
   430,      20480,    0,    1,    0,   12
   431,      20580,    3,    1,    1,    2
   432,      20736,    0,    0,    4,    8
   433,      21000,    1,    3,    1,    3
   434,      21168,    2,    0,    3,    4
   435,      21504,    1,    0,    1,   10
   436,      21600,    0,    2,    3,    5
   437,      21609,    4,    0,    2,    0
   438,      21870,    0,    1,    7,    1
   439,      21875,    1,    5,    0,    0
   440,      21952,    3,    0,    0,    6
   441,      22050,    2,    2,    2,    1
   442,      22400,    1,    2,    0,    7
   443,      22500,    0,    4,    2,    2
   444,      22680,    1,    1,    4,    3
   445,      23040,    0,    1,    2,    9
   446,      23328,    0,    0,    6,    5
   447,      23520,    2,    1,    1,    5
   448,      23625,    1,    3,    3,    0
   449,      23814,    2,    0,    5,    1
   450,      24000,    0,    3,    1,    6
   451,      24010,    4,    1,    0,    1
   452,      24192,    1,    0,    3,    7
   453,      24300,    0,    2,    5,    2
   454,      24500,    2,    3,    0,    2
   455,      24576,    0,    0,    1,   13
   456,      24696,    3,    0,    2,    3
   457,      25000,    0,    5,    0,    3
   458,      25088,    2,    0,    0,    9
   459,      25200,    1,    2,    2,    4
   460,      25515,    1,    1,    6,    0
   461,      25600,    0,    2,    0,   10
   462,      25725,    3,    2,    1,    0
   463,      25920,    0,    1,    4,    6
   464,      26244,    0,    0,    8,    2
   465,      26250,    1,    4,    1,    1
   466,      26460,    2,    1,    3,    2
   467,      26880,    1,    1,    1,    8
   468,      27000,    0,    3,    3,    3
   469,      27216,    1,    0,    5,    4
   470,      27440,    3,    1,    0,    4
   471,      27648,    0,    0,    3,   10
   472,      27783,    3,    0,    4,    0
   473,      28000,    1,    3,    0,    5
   474,      28125,    0,    5,    2,    0
   475,      28224,    2,    0,    2,    6
   476,      28350,    1,    2,    4,    1
   477,      28672,    1,    0,    0,   12
   478,      28800,    0,    2,    2,    7
   479,      28812,    4,    0,    1,    2
   480,      29160,    0,    1,    6,    3
   481,      29400,    2,    2,    1,    3
   482,      30000,    0,    4,    1,    4
   483,      30240,    1,    1,    3,    5
   484,      30375,    0,    3,    5,    0
   485,      30618,    1,    0,    7,    1
   486,      30625,    2,    4,    0,    0
   487,      30720,    0,    1,    1,   11
   488,      30870,    3,    1,    2,    1
   489,      31104,    0,    0,    5,    7
   490,      31250,    0,    6,    0,    1
   491,      31360,    2,    1,    0,    7
   492,      31500,    1,    3,    2,    2
   493,      31752,    2,    0,    4,    3
   494,      32000,    0,    3,    0,    8
   495,      32256,    1,    0,    2,    9
   496,      32400,    0,    2,    4,    4
   497,      32768,    0,    0,    0,   15
   498,      32805,    0,    1,    8,    0
   499,      32928,    3,    0,    1,    5
   500,      33075,    2,    2,    3,    0
   501,      33600,    1,    2,    1,    6
   502,      33614,    5,    0,    0,    1
   503,      33750,    0,    4,    3,    1
   504,      34020,    1,    1,    5,    2
   505,      34300,    3,    2,    0,    2
   506,      34560,    0,    1,    3,    8
   507,      34992,    0,    0,    7,    4
   508,      35000,    1,    4,    0,    3
   509,      35280,    2,    1,    2,    4
   510,      35721,    2,    0,    6,    0
   511,      35840,    1,    1,    0,   10
   512,      36000,    0,    3,    2,    5
   513,      36015,    4,    1,    1,    0
   514,      36288,    1,    0,    4,    6
   515,      36450,    0,    2,    6,    1
   516,      36750,    2,    3,    1,    1
   517,      36864,    0,    0,    2,   12
   518,      37044,    3,    0,    3,    2
   519,      37500,    0,    5,    1,    2
   520,      37632,    2,    0,    1,    8
   521,      37800,    1,    2,    3,    3
   522,      38400,    0,    2,    1,    9
   523,      38416,    4,    0,    0,    4
   524,      38880,    0,    1,    5,    5
   525,      39200,    2,    2,    0,    5
   526,      39366,    0,    0,    9,    1
   527,      39375,    1,    4,    2,    0
   528,      39690,    2,    1,    4,    1
   529,      40000,    0,    4,    0,    6
   530,      40320,    1,    1,    2,    7
   531,      40500,    0,    3,    4,    2
   532,      40824,    1,    0,    6,    3
   533,      40960,    0,    1,    0,   13
   534,      41160,    3,    1,    1,    3
   535,      41472,    0,    0,    4,    9
   536,      42000,    1,    3,    1,    4
   537,      42336,    2,    0,    3,    5
   538,      42525,    1,    2,    5,    0
   539,      42875,    3,    3,    0,    0
   540,      43008,    1,    0,    1,   11
   541,      43200,    0,    2,    3,    6
   542,      43218,    4,    0,    2,    1
   543,      43740,    0,    1,    7,    2
   544,      43750,    1,    5,    0,    1
   545,      43904,    3,    0,    0,    7
   546,      44100,    2,    2,    2,    2
   547,      44800,    1,    2,    0,    8
   548,      45000,    0,    4,    2,    3
   549,      45360,    1,    1,    4,    4
   550,      45927,    1,    0,    8,    0
   551,      46080,    0,    1,    2,   10
   552,      46305,    3,    1,    3,    0
   553,      46656,    0,    0,    6,    6
   554,      46875,    0,    6,    1,    0
   555,      47040,    2,    1,    1,    6
   556,      47250,    1,    3,    3,    1
   557,      47628,    2,    0,    5,    2
   558,      48000,    0,    3,    1,    7
   559,      48020,    4,    1,    0,    2
   560,      48384,    1,    0,    3,    8
   561,      48600,    0,    2,    5,    3
   562,      49000,    2,    3,    0,    3
   563,      49152,    0,    0,    1,   14
   564,      49392,    3,    0,    2,    4
   565,      50000,    0,    5,    0,    4
   566,      50176,    2,    0,    0,   10
   567,      50400,    1,    2,    2,    5
   568,      50421,    5,    0,    1,    0
   569,      50625,    0,    4,    4,    0
   570,      51030,    1,    1,    6,    1
   571,      51200,    0,    2,    0,   11
   572,      51450,    3,    2,    1,    1
   573,      51840,    0,    1,    4,    7
   574,      52488,    0,    0,    8,    3
   575,      52500,    1,    4,    1,    2
   576,      52920,    2,    1,    3,    3
   577,      53760,    1,    1,    1,    9
   578,      54000,    0,    3,    3,    4
   579,      54432,    1,    0,    5,    5
   580,      54675,    0,    2,    7,    0
   581,      54880,    3,    1,    0,    5
   582,      55125,    2,    3,    2,    0
   583,      55296,    0,    0,    3,   11
   584,      55566,    3,    0,    4,    1
   585,      56000,    1,    3,    0,    6
   586,      56250,    0,    5,    2,    1
   587,      56448,    2,    0,    2,    7
   588,      56700,    1,    2,    4,    2
   589,      57344,    1,    0,    0,   13
   590,      57600,    0,    2,    2,    8
   591,      57624,    4,    0,    1,    3
   592,      58320,    0,    1,    6,    4
   593,      58800,    2,    2,    1,    4
   594,      59049,    0,    0,   10,    0
   595,      59535,    2,    1,    5,    0
   596,      60000,    0,    4,    1,    5
   597,      60025,    4,    2,    0,    0
   598,      60480,    1,    1,    3,    6
   599,      60750,    0,    3,    5,    1
   600,      61236,    1,    0,    7,    2
   601,      61250,    2,    4,    0,    1
   602,      61440,    0,    1,    1,   12
   603,      61740,    3,    1,    2,    2
   604,      62208,    0,    0,    5,    8
   605,      62500,    0,    6,    0,    2
   606,      62720,    2,    1,    0,    8
   607,      63000,    1,    3,    2,    3
   608,      63504,    2,    0,    4,    4
   609,      64000,    0,    3,    0,    9
   610,      64512,    1,    0,    2,   10
   611,      64800,    0,    2,    4,    5
   612,      64827,    4,    0,    3,    0
   613,      65536,    0,    0,    0,   16
   614,      65610,    0,    1,    8,    1
   615,      65625,    1,    5,    1,    0
   616,      65856,    3,    0,    1,    6
   617,      66150,    2,    2,    3,    1
   618,      67200,    1,    2,    1,    7
   619,      67228,    5,    0,    0,    2
   620,      67500,    0,    4,    3,    2
   621,      68040,    1,    1,    5,    3
   622,      68600,    3,    2,    0,    3
   623,      69120,    0,    1,    3,    9
   624,      69984,    0,    0,    7,    5
   625,      70000,    1,    4,    0,    4
   626,      70560,    2,    1,    2,    5
   627,      70875,    1,    3,    4,    0
   628,      71442,    2,    0,    6,    1
   629,      71680,    1,    1,    0,   11
   630,      72000,    0,    3,    2,    6
   631,      72030,    4,    1,    1,    1
   632,      72576,    1,    0,    4,    7
   633,      72900,    0,    2,    6,    2
   634,      73500,    2,    3,    1,    2
   635,      73728,    0,    0,    2,   13
   636,      74088,    3,    0,    3,    3
   637,      75000,    0,    5,    1,    3
   638,      75264,    2,    0,    1,    9
   639,      75600,    1,    2,    3,    4
   640,      76545,    1,    1,    7,    0
   641,      76800,    0,    2,    1,   10
   642,      76832,    4,    0,    0,    5
   643,      77175,    3,    2,    2,    0
   644,      77760,    0,    1,    5,    6
   645,      78125,    0,    7,    0,    0
   646,      78400,    2,    2,    0,    6
   647,      78732,    0,    0,    9,    2
   648,      78750,    1,    4,    2,    1
   649,      79380,    2,    1,    4,    2
   650,      80000,    0,    4,    0,    7
   651,      80640,    1,    1,    2,    8
   652,      81000,    0,    3,    4,    3
   653,      81648,    1,    0,    6,    4
   654,      81920,    0,    1,    0,   14
   655,      82320,    3,    1,    1,    4
   656,      82944,    0,    0,    4,   10
   657,      83349,    3,    0,    5,    0
   658,      84000,    1,    3,    1,    5
   659,      84035,    5,    1,    0,    0
   660,      84375,    0,    5,    3,    0
   661,      84672,    2,    0,    3,    6
   662,      85050,    1,    2,    5,    1
   663,      85750,    3,    3,    0,    1
   664,      86016,    1,    0,    1,   12
   665,      86400,    0,    2,    3,    7
   666,      86436,    4,    0,    2,    2
   667,      87480,    0,    1,    7,    3
   668,      87500,    1,    5,    0,    2
   669,      87808,    3,    0,    0,    8
   670,      88200,    2,    2,    2,    3
   671,      89600,    1,    2,    0,    9
   672,      90000,    0,    4,    2,    4
   673,      90720,    1,    1,    4,    5
   674,      91125,    0,    3,    6,    0
   675,      91854,    1,    0,    8,    1
   676,      91875,    2,    4,    1,    0
   677,      92160,    0,    1,    2,   11
   678,      92610,    3,    1,    3,    1
   679,      93312,    0,    0,    6,    7
   680,      93750,    0,    6,    1,    1
   681,      94080,    2,    1,    1,    7
   682,      94500,    1,    3,    3,    2
   683,      95256,    2,    0,    5,    3
   684,      96000,    0,    3,    1,    8
   685,      96040,    4,    1,    0,    3
   686,      96768,    1,    0,    3,    9
   687,      97200,    0,    2,    5,    4
   688,      98000,    2,    3,    0,    4
   689,      98304,    0,    0,    1,   15
   690,      98415,    0,    1,    9,    0
   691,      98784,    3,    0,    2,    5
   692,      99225,    2,    2,    4,    0
   693,     100000,    0,    5,    0,    5
   694,     100352,    2,    0,    0,   11
   695,     100800,    1,    2,    2,    6
   696,     100842,    5,    0,    1,    1
   697,     101250,    0,    4,    4,    1
   698,     102060,    1,    1,    6,    2
   699,     102400,    0,    2,    0,   12
   700,     102900,    3,    2,    1,    2
   701,     103680,    0,    1,    4,    8
   702,     104976,    0,    0,    8,    4
   703,     105000,    1,    4,    1,    3
   704,     105840,    2,    1,    3,    4
   705,     107163,    2,    0,    7,    0
   706,     107520,    1,    1,    1,   10
   707,     108000,    0,    3,    3,    5
   708,     108045,    4,    1,    2,    0
   709,     108864,    1,    0,    5,    6
   710,     109350,    0,    2,    7,    1
   711,     109375,    1,    6,    0,    0
   712,     109760,    3,    1,    0,    6
   713,     110250,    2,    3,    2,    1
   714,     110592,    0,    0,    3,   12
   715,     111132,    3,    0,    4,    2
   716,     112000,    1,    3,    0,    7
   717,     112500,    0,    5,    2,    2
   718,     112896,    2,    0,    2,    8
   719,     113400,    1,    2,    4,    3
   720,     114688,    1,    0,    0,   14
   721,     115200,    0,    2,    2,    9
   722,     115248,    4,    0,    1,    4
   723,     116640,    0,    1,    6,    5
   724,     117600,    2,    2,    1,    5
   725,     117649,    6,    0,    0,    0
   726,     118098,    0,    0,   10,    1
   727,     118125,    1,    4,    3,    0
   728,     119070,    2,    1,    5,    1
   729,     120000,    0,    4,    1,    6
   730,     120050,    4,    2,    0,    1
   731,     120960,    1,    1,    3,    7
   732,     121500,    0,    3,    5,    2
   733,     122472,    1,    0,    7,    3
   734,     122500,    2,    4,    0,    2
   735,     122880,    0,    1,    1,   13
   736,     123480,    3,    1,    2,    3
   737,     124416,    0,    0,    5,    9
   738,     125000,    0,    6,    0,    3
   739,     125440,    2,    1,    0,    9
   740,     126000,    1,    3,    2,    4
   741,     127008,    2,    0,    4,    5
   742,     127575,    1,    2,    6,    0
   743,     128000,    0,    3,    0,   10
   744,     128625,    3,    3,    1,    0
   745,     129024,    1,    0,    2,   11
   746,     129600,    0,    2,    4,    6
   747,     129654,    4,    0,    3,    1
   748,     131072,    0,    0,    0,   17
   749,     131220,    0,    1,    8,    2
   750,     131250,    1,    5,    1,    1
   751,     131712,    3,    0,    1,    7
   752,     132300,    2,    2,    3,    2
   753,     134400,    1,    2,    1,    8
   754,     134456,    5,    0,    0,    3
   755,     135000,    0,    4,    3,    3
   756,     136080,    1,    1,    5,    4
   757,     137200,    3,    2,    0,    4
   758,     137781,    1,    0,    9,    0
   759,     138240,    0,    1,    3,   10
   760,     138915,    3,    1,    4,    0
   761,     139968,    0,    0,    7,    6
   762,     140000,    1,    4,    0,    5
   763,     140625,    0,    6,    2,    0
   764,     141120,    2,    1,    2,    6
   765,     141750,    1,    3,    4,    1
   766,     142884,    2,    0,    6,    2
   767,     143360,    1,    1,    0,   12
   768,     144000,    0,    3,    2,    7
   769,     144060,    4,    1,    1,    2
   770,     145152,    1,    0,    4,    8
   771,     145800,    0,    2,    6,    3
   772,     147000,    2,    3,    1,    3
   773,     147456,    0,    0,    2,   14
   774,     148176,    3,    0,    3,    4
   775,     150000,    0,    5,    1,    4
   776,     150528,    2,    0,    1,   10
   777,     151200,    1,    2,    3,    5
   778,     151263,    5,    0,    2,    0
   779,     151875,    0,    4,    5,    0
   780,     153090,    1,    1,    7,    1
   781,     153125,    2,    5,    0,    0
   782,     153600,    0,    2,    1,   11
   783,     153664,    4,    0,    0,    6
   784,     154350,    3,    2,    2,    1
   785,     155520,    0,    1,    5,    7
   786,     156250,    0,    7,    0,    1
   787,     156800,    2,    2,    0,    7
   788,     157464,    0,    0,    9,    3
   789,     157500,    1,    4,    2,    2
   790,     158760,    2,    1,    4,    3
   791,     160000,    0,    4,    0,    8
   792,     161280,    1,    1,    2,    9
   793,     162000,    0,    3,    4,    4
   794,     163296,    1,    0,    6,    5
   795,     163840,    0,    1,    0,   15
   796,     164025,    0,    2,    8,    0
   797,     164640,    3,    1,    1,    5
   798,     165375,    2,    3,    3,    0
   799,     165888,    0,    0,    4,   11
   800,     166698,    3,    0,    5,    1
   801,     168000,    1,    3,    1,    6
   802,     168070,    5,    1,    0,    1
   803,     168750,    0,    5,    3,    1
   804,     169344,    2,    0,    3,    7
   805,     170100,    1,    2,    5,    2
   806,     171500,    3,    3,    0,    2
   807,     172032,    1,    0,    1,   13
   808,     172800,    0,    2,    3,    8
   809,     172872,    4,    0,    2,    3
   810,     174960,    0,    1,    7,    4
   811,     175000,    1,    5,    0,    3
   812,     175616,    3,    0,    0,    9
   813,     176400,    2,    2,    2,    4
   814,     177147,    0,    0,   11,    0
   815,     178605,    2,    1,    6,    0
   816,     179200,    1,    2,    0,   10
   817,     180000,    0,    4,    2,    5
   818,     180075,    4,    2,    1,    0
   819,     181440,    1,    1,    4,    6
   820,     182250,    0,    3,    6,    1
   821,     183708,    1,    0,    8,    2
   822,     183750,    2,    4,    1,    1
   823,     184320,    0,    1,    2,   12
   824,     185220,    3,    1,    3,    2
   825,     186624,    0,    0,    6,    8
   826,     187500,    0,    6,    1,    2
   827,     188160,    2,    1,    1,    8
   828,     189000,    1,    3,    3,    3
   829,     190512,    2,    0,    5,    4
   830,     192000,    0,    3,    1,    9
   831,     192080,    4,    1,    0,    4
   832,     193536,    1,    0,    3,   10
   833,     194400,    0,    2,    5,    5
   834,     194481,    4,    0,    4,    0
   835,     196000,    2,    3,    0,    5
   836,     196608,    0,    0,    1,   16
   837,     196830,    0,    1,    9,    1
   838,     196875,    1,    5,    2,    0
   839,     197568,    3,    0,    2,    6
   840,     198450,    2,    2,    4,    1
   841,     200000,    0,    5,    0,    6
   842,     200704,    2,    0,    0,   12
   843,     201600,    1,    2,    2,    7
   844,     201684,    5,    0,    1,    2
   845,     202500,    0,    4,    4,    2
   846,     204120,    1,    1,    6,    3
   847,     204800,    0,    2,    0,   13
   848,     205800,    3,    2,    1,    3
   849,     207360,    0,    1,    4,    9
   850,     209952,    0,    0,    8,    5
   851,     210000,    1,    4,    1,    4
   852,     211680,    2,    1,    3,    5
   853,     212625,    1,    3,    5,    0
   854,     214326,    2,    0,    7,    1
   855,     214375,    3,    4,    0,    0
   856,     215040,    1,    1,    1,   11
   857,     216000,    0,    3,    3,    6
   858,     216090,    4,    1,    2,    1
   859,     217728,    1,    0,    5,    7
   860,     218700,    0,    2,    7,    2
   861,     218750,    1,    6,    0,    1
   862,     219520,    3,    1,    0,    7
   863,     220500,    2,    3,    2,    2
   864,     221184,    0,    0,    3,   13
   865,     222264,    3,    0,    4,    3
   866,     224000,    1,    3,    0,    8
   867,     225000,    0,    5,    2,    3
   868,     225792,    2,    0,    2,    9
   869,     226800,    1,    2,    4,    4
   870,     229376,    1,    0,    0,   15
   871,     229635,    1,    1,    8,    0
   872,     230400,    0,    2,    2,   10
   873,     230496,    4,    0,    1,    5
   874,     231525,    3,    2,    3,    0
   875,     233280,    0,    1,    6,    6
   876,     234375,    0,    7,    1,    0
   877,     235200,    2,    2,    1,    6
   878,     235298,    6,    0,    0,    1
   879,     236196,    0,    0,   10,    2
   880,     236250,    1,    4,    3,    1
   881,     238140,    2,    1,    5,    2
   882,     240000,    0,    4,    1,    7
   883,     240100,    4,    2,    0,    2
   884,     241920,    1,    1,    3,    8
   885,     243000,    0,    3,    5,    3
   886,     244944,    1,    0,    7,    4
   887,     245000,    2,    4,    0,    3
   888,     245760,    0,    1,    1,   14
   889,     246960,    3,    1,    2,    4
   890,     248832,    0,    0,    5,   10
   891,     250000,    0,    6,    0,    4
   892,     250047,    3,    0,    6,    0
   893,     250880,    2,    1,    0,   10
   894,     252000,    1,    3,    2,    5
   895,     252105,    5,    1,    1,    0
   896,     253125,    0,    5,    4,    0
   897,     254016,    2,    0,    4,    6
   898,     255150,    1,    2,    6,    1
   899,     256000,    0,    3,    0,   11
   900,     257250,    3,    3,    1,    1
   901,     258048,    1,    0,    2,   12
   902,     259200,    0,    2,    4,    7
   903,     259308,    4,    0,    3,    2
   904,     262144,    0,    0,    0,   18
   905,     262440,    0,    1,    8,    3
   906,     262500,    1,    5,    1,    2
   907,     263424,    3,    0,    1,    8
   908,     264600,    2,    2,    3,    3
   909,     268800,    1,    2,    1,    9
   910,     268912,    5,    0,    0,    4
   911,     270000,    0,    4,    3,    4
   912,     272160,    1,    1,    5,    5
   913,     273375,    0,    3,    7,    0
   914,     274400,    3,    2,    0,    5
   915,     275562,    1,    0,    9,    1
   916,     275625,    2,    4,    2,    0
   917,     276480,    0,    1,    3,   11
   918,     277830,    3,    1,    4,    1
   919,     279936,    0,    0,    7,    7
   920,     280000,    1,    4,    0,    6
   921,     281250,    0,    6,    2,    1
   922,     282240,    2,    1,    2,    7
   923,     283500,    1,    3,    4,    2
   924,     285768,    2,    0,    6,    3
   925,     286720,    1,    1,    0,   13
   926,     288000,    0,    3,    2,    8
   927,     288120,    4,    1,    1,    3
   928,     290304,    1,    0,    4,    9
   929,     291600,    0,    2,    6,    4
   930,     294000,    2,    3,    1,    4
   931,     294912,    0,    0,    2,   15
   932,     295245,    0,    1,   10,    0
   933,     296352,    3,    0,    3,    5
   934,     297675,    2,    2,    5,    0
   935,     300000,    0,    5,    1,    5
   936,     300125,    4,    3,    0,    0
   937,     301056,    2,    0,    1,   11
   938,     302400,    1,    2,    3,    6
   939,     302526,    5,    0,    2,    1
   940,     303750,    0,    4,    5,    1
   941,     306180,    1,    1,    7,    2
   942,     306250,    2,    5,    0,    1
   943,     307200,    0,    2,    1,   12
   944,     307328,    4,    0,    0,    7
   945,     308700,    3,    2,    2,    2
   946,     311040,    0,    1,    5,    8
   947,     312500,    0,    7,    0,    2
   948,     313600,    2,    2,    0,    8
   949,     314928,    0,    0,    9,    4
   950,     315000,    1,    4,    2,    3
   951,     317520,    2,    1,    4,    4
   952,     320000,    0,    4,    0,    9
   953,     321489,    2,    0,    8,    0
   954,     322560,    1,    1,    2,   10
   955,     324000,    0,    3,    4,    5
   956,     324135,    4,    1,    3,    0
   957,     326592,    1,    0,    6,    6
   958,     327680,    0,    1,    0,   16
   959,     328050,    0,    2,    8,    1
   960,     328125,    1,    6,    1,    0
   961,     329280,    3,    1,    1,    6
   962,     330750,    2,    3,    3,    1
   963,     331776,    0,    0,    4,   12
   964,     333396,    3,    0,    5,    2
   965,     336000,    1,    3,    1,    7
   966,     336140,    5,    1,    0,    2
   967,     337500,    0,    5,    3,    2
   968,     338688,    2,    0,    3,    8
   969,     340200,    1,    2,    5,    3
   970,     343000,    3,    3,    0,    3
   971,     344064,    1,    0,    1,   14
   972,     345600,    0,    2,    3,    9
   973,     345744,    4,    0,    2,    4
   974,     349920,    0,    1,    7,    5
   975,     350000,    1,    5,    0,    4
   976,     351232,    3,    0,    0,   10
   977,     352800,    2,    2,    2,    5
   978,     352947,    6,    0,    1,    0
   979,     354294,    0,    0,   11,    1
   980,     354375,    1,    4,    4,    0
   981,     357210,    2,    1,    6,    1
   982,     358400,    1,    2,    0,   11
   983,     360000,    0,    4,    2,    6
   984,     360150,    4,    2,    1,    1
   985,     362880,    1,    1,    4,    7
   986,     364500,    0,    3,    6,    2
   987,     367416,    1,    0,    8,    3
   988,     367500,    2,    4,    1,    2
   989,     368640,    0,    1,    2,   13
   990,     370440,    3,    1,    3,    3
   991,     373248,    0,    0,    6,    9
   992,     375000,    0,    6,    1,    3
   993,     376320,    2,    1,    1,    9
   994,     378000,    1,    3,    3,    4
   995,     381024,    2,    0,    5,    5
   996,     382725,    1,    2,    7,    0
   997,     384000,    0,    3,    1,   10
   998,     384160,    4,    1,    0,    5
   999,     385875,    3,    3,    2,    0
  1000,     387072,    1,    0,    3,   11
  1001,     388800,    0,    2,    5,    6
  1002,     388962,    4,    0,    4,    1
  1003,     390625,    0,    8,    0,    0
  1004,     392000,    2,    3,    0,    6
  1005,     393216,    0,    0,    1,   17
  1006,     393660,    0,    1,    9,    2
  1007,     393750,    1,    5,    2,    1
  1008,     395136,    3,    0,    2,    7
  1009,     396900,    2,    2,    4,    2
  1010,     400000,    0,    5,    0,    7
  1011,     401408,    2,    0,    0,   13
  1012,     403200,    1,    2,    2,    8
  1013,     403368,    5,    0,    1,    3
  1014,     405000,    0,    4,    4,    3
  1015,     408240,    1,    1,    6,    4
  1016,     409600,    0,    2,    0,   14
  1017,     411600,    3,    2,    1,    4
  1018,     413343,    1,    0,   10,    0
  1019,     414720,    0,    1,    4,   10
  1020,     416745,    3,    1,    5,    0
  1021,     419904,    0,    0,    8,    6
  1022,     420000,    1,    4,    1,    5
  1023,     420175,    5,    2,    0,    0
  1024,     421875,    0,    6,    3,    0
  1025,     423360,    2,    1,    3,    6
  1026,     425250,    1,    3,    5,    1
  1027,     428652,    2,    0,    7,    2
  1028,     428750,    3,    4,    0,    1
  1029,     430080,    1,    1,    1,   12
  1030,     432000,    0,    3,    3,    7
  1031,     432180,    4,    1,    2,    2
  1032,     435456,    1,    0,    5,    8
  1033,     437400,    0,    2,    7,    3
  1034,     437500,    1,    6,    0,    2
  1035,     439040,    3,    1,    0,    8
  1036,     441000,    2,    3,    2,    3
  1037,     442368,    0,    0,    3,   14
  1038,     444528,    3,    0,    4,    4
  1039,     448000,    1,    3,    0,    9
  1040,     450000,    0,    5,    2,    4
  1041,     451584,    2,    0,    2,   10
  1042,     453600,    1,    2,    4,    5
  1043,     453789,    5,    0,    3,    0
  1044,     455625,    0,    4,    6,    0
  1045,     458752,    1,    0,    0,   16
  1046,     459270,    1,    1,    8,    1
  1047,     459375,    2,    5,    1,    0
  1048,     460800,    0,    2,    2,   11
  1049,     460992,    4,    0,    1,    6
  1050,     463050,    3,    2,    3,    1
  1051,     466560,    0,    1,    6,    7
  1052,     468750,    0,    7,    1,    1
  1053,     470400,    2,    2,    1,    7
  1054,     470596,    6,    0,    0,    2
  1055,     472392,    0,    0,   10,    3
  1056,     472500,    1,    4,    3,    2
  1057,     476280,    2,    1,    5,    3
  1058,     480000,    0,    4,    1,    8
  1059,     480200,    4,    2,    0,    3
  1060,     483840,    1,    1,    3,    9
  1061,     486000,    0,    3,    5,    4
  1062,     489888,    1,    0,    7,    5
  1063,     490000,    2,    4,    0,    4
  1064,     491520,    0,    1,    1,   15
  1065,     492075,    0,    2,    9,    0
  1066,     493920,    3,    1,    2,    5
  1067,     496125,    2,    3,    4,    0
  1068,     497664,    0,    0,    5,   11
  1069,     500000,    0,    6,    0,    5
  1070,     500094,    3,    0,    6,    1
  1071,     501760,    2,    1,    0,   11
  1072,     504000,    1,    3,    2,    6
  1073,     504210,    5,    1,    1,    1
  1074,     506250,    0,    5,    4,    1
  1075,     508032,    2,    0,    4,    7
  1076,     510300,    1,    2,    6,    2
  1077,     512000,    0,    3,    0,   12
  1078,     514500,    3,    3,    1,    2
  1079,     516096,    1,    0,    2,   13
  1080,     518400,    0,    2,    4,    8
  1081,     518616,    4,    0,    3,    3
  1082,     524288,    0,    0,    0,   19
  1083,     524880,    0,    1,    8,    4
  1084,     525000,    1,    5,    1,    3
  1085,     526848,    3,    0,    1,    9
  1086,     529200,    2,    2,    3,    4
  1087,     531441,    0,    0,   12,    0
  1088,     535815,    2,    1,    7,    0
  1089,     537600,    1,    2,    1,   10
  1090,     537824,    5,    0,    0,    5
  1091,     540000,    0,    4,    3,    5
  1092,     540225,    4,    2,    2,    0
  1093,     544320,    1,    1,    5,    6
  1094,     546750,    0,    3,    7,    1
  1095,     546875,    1,    7,    0,    0
  1096,     548800,    3,    2,    0,    6
  1097,     551124,    1,    0,    9,    2
  1098,     551250,    2,    4,    2,    1
  1099,     552960,    0,    1,    3,   12
  1100,     555660,    3,    1,    4,    2
  1101,     559872,    0,    0,    7,    8
  1102,     560000,    1,    4,    0,    7
  1103,     562500,    0,    6,    2,    2
  1104,     564480,    2,    1,    2,    8
  1105,     567000,    1,    3,    4,    3
  1106,     571536,    2,    0,    6,    4
  1107,     573440,    1,    1,    0,   14
  1108,     576000,    0,    3,    2,    9
  1109,     576240,    4,    1,    1,    4
  1110,     580608,    1,    0,    4,   10
  1111,     583200,    0,    2,    6,    5
  1112,     583443,    4,    0,    5,    0
  1113,     588000,    2,    3,    1,    5
  1114,     588245,    6,    1,    0,    0
  1115,     589824,    0,    0,    2,   16
  1116,     590490,    0,    1,   10,    1
  1117,     590625,    1,    5,    3,    0
  1118,     592704,    3,    0,    3,    6
  1119,     595350,    2,    2,    5,    1
  1120,     600000,    0,    5,    1,    6
  1121,     600250,    4,    3,    0,    1
  1122,     602112,    2,    0,    1,   12
  1123,     604800,    1,    2,    3,    7
  1124,     605052,    5,    0,    2,    2
  1125,     607500,    0,    4,    5,    2
  1126,     612360,    1,    1,    7,    3
  1127,     612500,    2,    5,    0,    2
  1128,     614400,    0,    2,    1,   13
  1129,     614656,    4,    0,    0,    8
  1130,     617400,    3,    2,    2,    3
  1131,     622080,    0,    1,    5,    9
  1132,     625000,    0,    7,    0,    3
  1133,     627200,    2,    2,    0,    9
  1134,     629856,    0,    0,    9,    5
  1135,     630000,    1,    4,    2,    4
  1136,     635040,    2,    1,    4,    5
  1137,     637875,    1,    3,    6,    0
  1138,     640000,    0,    4,    0,   10
  1139,     642978,    2,    0,    8,    1
  1140,     643125,    3,    4,    1,    0
  1141,     645120,    1,    1,    2,   11
  1142,     648000,    0,    3,    4,    6
  1143,     648270,    4,    1,    3,    1
  1144,     653184,    1,    0,    6,    7
  1145,     655360,    0,    1,    0,   17
  1146,     656100,    0,    2,    8,    2
  1147,     656250,    1,    6,    1,    1
  1148,     658560,    3,    1,    1,    7
  1149,     661500,    2,    3,    3,    2
  1150,     663552,    0,    0,    4,   13
  1151,     666792,    3,    0,    5,    3
  1152,     672000,    1,    3,    1,    8
  1153,     672280,    5,    1,    0,    3
  1154,     675000,    0,    5,    3,    3
  1155,     677376,    2,    0,    3,    9
  1156,     680400,    1,    2,    5,    4
  1157,     686000,    3,    3,    0,    4
  1158,     688128,    1,    0,    1,   15
  1159,     688905,    1,    1,    9,    0
  1160,     691200,    0,    2,    3,   10
  1161,     691488,    4,    0,    2,    5
  1162,     694575,    3,    2,    4,    0
  1163,     699840,    0,    1,    7,    6
  1164,     700000,    1,    5,    0,    5
  1165,     702464,    3,    0,    0,   11
  1166,     703125,    0,    7,    2,    0
  1167,     705600,    2,    2,    2,    6
  1168,     705894,    6,    0,    1,    1
  1169,     708588,    0,    0,   11,    2
  1170,     708750,    1,    4,    4,    1
  1171,     714420,    2,    1,    6,    2
  1172,     716800,    1,    2,    0,   12
  1173,     720000,    0,    4,    2,    7
  1174,     720300,    4,    2,    1,    2
  1175,     725760,    1,    1,    4,    8
  1176,     729000,    0,    3,    6,    3
  1177,     734832,    1,    0,    8,    4
  1178,     735000,    2,    4,    1,    3
  1179,     737280,    0,    1,    2,   14
  1180,     740880,    3,    1,    3,    4
  1181,     746496,    0,    0,    6,   10
  1182,     750000,    0,    6,    1,    4
  1183,     750141,    3,    0,    7,    0
  1184,     752640,    2,    1,    1,   10
  1185,     756000,    1,    3,    3,    5
  1186,     756315,    5,    1,    2,    0
  1187,     759375,    0,    5,    5,    0
  1188,     762048,    2,    0,    5,    6
  1189,     765450,    1,    2,    7,    1
  1190,     765625,    2,    6,    0,    0
  1191,     768000,    0,    3,    1,   11
  1192,     768320,    4,    1,    0,    6
  1193,     771750,    3,    3,    2,    1
  1194,     774144,    1,    0,    3,   12
  1195,     777600,    0,    2,    5,    7
  1196,     777924,    4,    0,    4,    2
  1197,     781250,    0,    8,    0,    1
  1198,     784000,    2,    3,    0,    7
  1199,     786432,    0,    0,    1,   18
  1200,     787320,    0,    1,    9,    3
  1201,     787500,    1,    5,    2,    2
  1202,     790272,    3,    0,    2,    8
  1203,     793800,    2,    2,    4,    3
  1204,     800000,    0,    5,    0,    8
  1205,     802816,    2,    0,    0,   14
  1206,     806400,    1,    2,    2,    9
  1207,     806736,    5,    0,    1,    4
  1208,     810000,    0,    4,    4,    4
  1209,     816480,    1,    1,    6,    5
  1210,     819200,    0,    2,    0,   15
  1211,     820125,    0,    3,    8,    0
  1212,     823200,    3,    2,    1,    5
  1213,     823543,    7,    0,    0,    0
  1214,     826686,    1,    0,   10,    1
  1215,     826875,    2,    4,    3,    0
  1216,     829440,    0,    1,    4,   11
  1217,     833490,    3,    1,    5,    1
  1218,     839808,    0,    0,    8,    7
  1219,     840000,    1,    4,    1,    6
  1220,     840350,    5,    2,    0,    1
  1221,     843750,    0,    6,    3,    1
  1222,     846720,    2,    1,    3,    7
  1223,     850500,    1,    3,    5,    2
  1224,     857304,    2,    0,    7,    3
  1225,     857500,    3,    4,    0,    2
  1226,     860160,    1,    1,    1,   13
  1227,     864000,    0,    3,    3,    8
  1228,     864360,    4,    1,    2,    3
  1229,     870912,    1,    0,    5,    9
  1230,     874800,    0,    2,    7,    4
  1231,     875000,    1,    6,    0,    3
  1232,     878080,    3,    1,    0,    9
  1233,     882000,    2,    3,    2,    4
  1234,     884736,    0,    0,    3,   15
  1235,     885735,    0,    1,   11,    0
  1236,     889056,    3,    0,    4,    5
  1237,     893025,    2,    2,    6,    0
  1238,     896000,    1,    3,    0,   10
  1239,     900000,    0,    5,    2,    5
  1240,     900375,    4,    3,    1,    0
  1241,     903168,    2,    0,    2,   11
  1242,     907200,    1,    2,    4,    6
  1243,     907578,    5,    0,    3,    1
  1244,     911250,    0,    4,    6,    1
  1245,     917504,    1,    0,    0,   17
  1246,     918540,    1,    1,    8,    2
  1247,     918750,    2,    5,    1,    1
  1248,     921600,    0,    2,    2,   12
  1249,     921984,    4,    0,    1,    7
  1250,     926100,    3,    2,    3,    2
  1251,     933120,    0,    1,    6,    8
  1252,     937500,    0,    7,    1,    2
  1253,     940800,    2,    2,    1,    8
  1254,     941192,    6,    0,    0,    3
  1255,     944784,    0,    0,   10,    4
  1256,     945000,    1,    4,    3,    3
  1257,     952560,    2,    1,    5,    4
  1258,     960000,    0,    4,    1,    9
  1259,     960400,    4,    2,    0,    4
  1260,     964467,    2,    0,    9,    0
  1261,     967680,    1,    1,    3,   10
  1262,     972000,    0,    3,    5,    5
  1263,     972405,    4,    1,    4,    0
  1264,     979776,    1,    0,    7,    6
  1265,     980000,    2,    4,    0,    5
  1266,     983040,    0,    1,    1,   16
  1267,     984150,    0,    2,    9,    1
  1268,     984375,    1,    6,    2,    0
  1269,     987840,    3,    1,    2,    6
  1270,     992250,    2,    3,    4,    1
  1271,     995328,    0,    0,    5,   12
  1272,    1000000,    0,    6,    0,    6
  1273,    1000188,    3,    0,    6,    2
  1274,    1003520,    2,    1,    0,   12
  1275,    1008000,    1,    3,    2,    7
  1276,    1008420,    5,    1,    1,    2
  1277,    1012500,    0,    5,    4,    2
  1278,    1016064,    2,    0,    4,    8
  1279,    1020600,    1,    2,    6,    3
  1280,    1024000,    0,    3,    0,   13
  1281,    1029000,    3,    3,    1,    3
  1282,    1032192,    1,    0,    2,   14
  1283,    1036800,    0,    2,    4,    9
  1284,    1037232,    4,    0,    3,    4
  1285,    1048576,    0,    0,    0,   20
  1286,    1049760,    0,    1,    8,    5
  1287,    1050000,    1,    5,    1,    4
  1288,    1053696,    3,    0,    1,   10
  1289,    1058400,    2,    2,    3,    5
  1290,    1058841,    6,    0,    2,    0
  1291,    1062882,    0,    0,   12,    1
  1292,    1063125,    1,    4,    5,    0
  1293,    1071630,    2,    1,    7,    1
  1294,    1071875,    3,    5,    0,    0
  1295,    1075200,    1,    2,    1,   11
  1296,    1075648,    5,    0,    0,    6
  1297,    1080000,    0,    4,    3,    6
  1298,    1080450,    4,    2,    2,    1
  1299,    1088640,    1,    1,    5,    7
