(215) 5 5 5 Sum=15
(179) 4 5 5 Sum=14
(209) 5 4 5 Sum=14
(214) 5 5 4 Sum=14
(143) 3 5 5 Sum=13
(173) 4 4 5 Sum=13
(178) 4 5 4 Sum=13
(203) 5 3 5 Sum=13
(208) 5 4 4 Sum=13
(213) 5 5 3 Sum=13
(107) 2 5 5 Sum=12
(137) 3 4 5 Sum=12
(142) 3 5 4 Sum=12
(167) 4 3 5 Sum=12
(172) 4 4 4 Sum=12
(177) 4 5 3 Sum=12
(197) 5 2 5 Sum=12
(202) 5 3 4 Sum=12
(207) 5 4 3 Sum=12
(212) 5 5 2 Sum=12
(71) 1 5 5 Sum=11
(101) 2 4 5 Sum=11
(106) 2 5 4 Sum=11
(131) 3 3 5 Sum=11
(136) 3 4 4 Sum=11
(141) 3 5 3 Sum=11
(161) 4 2 5 Sum=11
(166) 4 3 4 Sum=11
(171) 4 4 3 Sum=11
(176) 4 5 2 Sum=11
(191) 5 1 5 Sum=11
(196) 5 2 4 Sum=11
(201) 5 3 3 Sum=11
(206) 5 4 2 Sum=11
(211) 5 5 1 Sum=11
(35) 0 5 5 Sum=10
(65) 1 4 5 Sum=10
(70) 1 5 4 Sum=10
(95) 2 3 5 Sum=10
(100) 2 4 4 Sum=10
(105) 2 5 3 Sum=10
(125) 3 2 5 Sum=10
(130) 3 3 4 Sum=10
(135) 3 4 3 Sum=10
(140) 3 5 2 Sum=10
(155) 4 1 5 Sum=10
(160) 4 2 4 Sum=10
(165) 4 3 3 Sum=10
(170) 4 4 2 Sum=10
(175) 4 5 1 Sum=10
(185) 5 0 5 Sum=10
(190) 5 1 4 Sum=10
(195) 5 2 3 Sum=10
(200) 5 3 2 Sum=10
(205) 5 4 1 Sum=10
(210) 5 5 0 Sum=10
(29) 0 4 5 Sum=9
(34) 0 5 4 Sum=9
(59) 1 3 5 Sum=9
(64) 1 4 4 Sum=9
(69) 1 5 3 Sum=9
(89) 2 2 5 Sum=9
(94) 2 3 4 Sum=9
(99) 2 4 3 Sum=9
(104) 2 5 2 Sum=9
(119) 3 1 5 Sum=9
(124) 3 2 4 Sum=9
(129) 3 3 3 Sum=9
(134) 3 4 2 Sum=9
(139) 3 5 1 Sum=9
(149) 4 0 5 Sum=9
(154) 4 1 4 Sum=9
(159) 4 2 3 Sum=9
(164) 4 3 2 Sum=9
(169) 4 4 1 Sum=9
(174) 4 5 0 Sum=9
(184) 5 0 4 Sum=9
(189) 5 1 3 Sum=9
(194) 5 2 2 Sum=9
(199) 5 3 1 Sum=9
(204) 5 4 0 Sum=9
(23) 0 3 5 Sum=8
(28) 0 4 4 Sum=8
(33) 0 5 3 Sum=8
(53) 1 2 5 Sum=8
(58) 1 3 4 Sum=8
(63) 1 4 3 Sum=8
(68) 1 5 2 Sum=8
(83) 2 1 5 Sum=8
(88) 2 2 4 Sum=8
(93) 2 3 3 Sum=8
(98) 2 4 2 Sum=8
(103) 2 5 1 Sum=8
(113) 3 0 5 Sum=8
(118) 3 1 4 Sum=8
(123) 3 2 3 Sum=8
(128) 3 3 2 Sum=8
(133) 3 4 1 Sum=8
(138) 3 5 0 Sum=8
(148) 4 0 4 Sum=8
(153) 4 1 3 Sum=8
(158) 4 2 2 Sum=8
(163) 4 3 1 Sum=8
(168) 4 4 0 Sum=8
(183) 5 0 3 Sum=8
(188) 5 1 2 Sum=8
(193) 5 2 1 Sum=8
(198) 5 3 0 Sum=8
(17) 0 2 5 Sum=7
(22) 0 3 4 Sum=7
(27) 0 4 3 Sum=7
(32) 0 5 2 Sum=7
(47) 1 1 5 Sum=7
(52) 1 2 4 Sum=7
(57) 1 3 3 Sum=7
(62) 1 4 2 Sum=7
(67) 1 5 1 Sum=7
(77) 2 0 5 Sum=7
(82) 2 1 4 Sum=7
(87) 2 2 3 Sum=7
(92) 2 3 2 Sum=7
(97) 2 4 1 Sum=7
(102) 2 5 0 Sum=7
(112) 3 0 4 Sum=7
(117) 3 1 3 Sum=7
(122) 3 2 2 Sum=7
(127) 3 3 1 Sum=7
(132) 3 4 0 Sum=7
(147) 4 0 3 Sum=7
(152) 4 1 2 Sum=7
(157) 4 2 1 Sum=7
(162) 4 3 0 Sum=7
(182) 5 0 2 Sum=7
(187) 5 1 1 Sum=7
(192) 5 2 0 Sum=7
(11) 0 1 5 Sum=6
(16) 0 2 4 Sum=6
(21) 0 3 3 Sum=6
(26) 0 4 2 Sum=6
(31) 0 5 1 Sum=6
(41) 1 0 5 Sum=6
(46) 1 1 4 Sum=6
(51) 1 2 3 Sum=6
(56) 1 3 2 Sum=6
(61) 1 4 1 Sum=6
(66) 1 5 0 Sum=6
(76) 2 0 4 Sum=6
(81) 2 1 3 Sum=6
(86) 2 2 2 Sum=6
(91) 2 3 1 Sum=6
(96) 2 4 0 Sum=6
(111) 3 0 3 Sum=6
(116) 3 1 2 Sum=6
(121) 3 2 1 Sum=6
(126) 3 3 0 Sum=6
(146) 4 0 2 Sum=6
(151) 4 1 1 Sum=6
(156) 4 2 0 Sum=6
(181) 5 0 1 Sum=6
(186) 5 1 0 Sum=6
(5) 0 0 5 Sum=5
(10) 0 1 4 Sum=5
(15) 0 2 3 Sum=5
(20) 0 3 2 Sum=5
(25) 0 4 1 Sum=5
(30) 0 5 0 Sum=5
(40) 1 0 4 Sum=5
(45) 1 1 3 Sum=5
(50) 1 2 2 Sum=5
(55) 1 3 1 Sum=5
(60) 1 4 0 Sum=5
(75) 2 0 3 Sum=5
(80) 2 1 2 Sum=5
(85) 2 2 1 Sum=5
(90) 2 3 0 Sum=5
(110) 3 0 2 Sum=5
(115) 3 1 1 Sum=5
(120) 3 2 0 Sum=5
(145) 4 0 1 Sum=5
(150) 4 1 0 Sum=5
(180) 5 0 0 Sum=5
(4) 0 0 4 Sum=4
(9) 0 1 3 Sum=4
(14) 0 2 2 Sum=4
(19) 0 3 1 Sum=4
(24) 0 4 0 Sum=4
(39) 1 0 3 Sum=4
(44) 1 1 2 Sum=4
(49) 1 2 1 Sum=4
(54) 1 3 0 Sum=4
(74) 2 0 2 Sum=4
(79) 2 1 1 Sum=4
(84) 2 2 0 Sum=4
(109) 3 0 1 Sum=4
(114) 3 1 0 Sum=4
(144) 4 0 0 Sum=4
(3) 0 0 3 Sum=3
(8) 0 1 2 Sum=3
(13) 0 2 1 Sum=3
(18) 0 3 0 Sum=3
(38) 1 0 2 Sum=3
(43) 1 1 1 Sum=3
(48) 1 2 0 Sum=3
(73) 2 0 1 Sum=3
(78) 2 1 0 Sum=3
(108) 3 0 0 Sum=3
(2) 0 0 2 Sum=2
(7) 0 1 1 Sum=2
(12) 0 2 0 Sum=2
(37) 1 0 1 Sum=2
(42) 1 1 0 Sum=2
(72) 2 0 0 Sum=2
(1) 0 0 1 Sum=1
(6) 0 1 0 Sum=1
(36) 1 0 0 Sum=1
(0) 0 0 0 Sum=0
